1165.2522490768
1267.8410573649
1378.9439696474
1211.2498792475
1467.9991168725
1430.9355287244
857.4385819289
1357.4722031948
1060.1529629749
1064.6361412405
1550.4516156708
1637.6683143999
1088.8500242687
1352.2526872581
1354.6241750639
1163.3560779140
1298.7858722094
1087.9132528930
1427.0581420272
1124.7606774102
1190.0828293247
1385.3818322893
1213.1848815817
1138.1829027528
1216.3084970065
1360.4020017378
1105.7097572744
1349.7191743189
1323.3028951948
1488.8194076201
1166.2176811458
1183.8368245045
1046.4079417771
1291.8200217296
1452.6958056551
1170.2071266280
1050.3422081891
1282.4482268909
1236.1915856919
1111.7759526304
1277.1548242923
1137.9781024803
1008.6617170346
1178.7036685748
1148.9482293571
1185.0545176132
1512.2792845841
1121.8112078893
1170.9376295745
1386.4362302317
1037.3441289970
1335.4558058765
1168.7903469473
1273.7910657625
1168.2122296716
1250.2187860798
1189.7381176246
1532.6388878059
1190.3892655466
1287.6871916432
1156.3741406831
1139.4142256977
1364.0837842924
1095.7401391448
1289.7357821467
1286.0587016263
1111.9018034582
1348.4833887702
1298.2479596857
1159.9096300530
1104.2175490015
1331.4243383572
1149.8706673980
1134.0629087100
864.6241469681
1268.8815083716
1167.8146048585
1149.5213307626
955.4366676789
1204.8072200520
1265.6466524792
1147.3575728362
1124.7631037487
1139.5486017535
1179.8740899242
1275.8633788747
951.9129625969
969.0540019693
1174.6062935426
1222.8272066145
1064.2960347110
1450.6318662995
1220.6226363086
1288.1214222138
1118.3529882361
1013.6274408684
1046.8942717130
1224.9567459117
1385.9302939488
1174.0887307260
