100
1165.3735230037
1261.2706443539
1364.7756985358
1206.6104915541
1466.3663090656
1420.8333705659
851.6770635262
1342.8478692284
1061.9141497420
1058.9187338432
1538.6984675098
1628.9438958728
1072.2965750252
1338.3761752669
1359.5645430417
1144.1836364690
1276.2833103687
1084.0541482889
1428.9192681512
1120.4567570495
1174.9713001324
1392.1028875604
1196.4141102566
1130.2063336440
1215.3428663272
1352.7059408097
1086.1016919345
1337.0981062619
1328.2129399076
1489.5164279852
1159.2385708265
1174.9849521193
1039.0378384000
1286.2999393644
1446.1112994256
1157.2114818520
1037.5992723145
1276.0745675668
1223.1211835449
1113.4567134911
1265.8954653856
1120.1651596720
998.1280102200
1165.2805076633
1145.2297925910
1171.7891202763
1504.4031368181
1101.5388362378
1164.1186818338
1372.8325695766
1025.9237339521
1322.6406235968
1161.6018124533
1281.2466065462
1164.4910108945
1245.7925211008
1182.6397167887
1536.4372923903
1168.0219371131
1275.9349864272
1161.4453738115
1135.8730026461
1352.4839224748
1101.0764977271
1282.5910043910
1286.6283979149
1105.7923192838
1335.4188739140
1297.4988850657
1161.1278597811
1099.5797557720
1321.5118585271
1151.5553596006
1132.0009906094
866.0910453643
1256.2677798039
1164.4943129988
1138.9446206126
950.7243551740
1196.8144599392
1261.9494409861
1132.6321482452
1111.9311848396
1130.8998935468
1172.8387740070
1276.5727888631
952.6710200110
962.5373692014
1166.0640387335
1218.9136468922
1062.0411785065
1432.6884914819
1226.6271113518
1280.9940283145
1111.6347569847
1011.2185648345
1043.4025687453
1222.9806082001
1379.0949531838
1168.5535479502
